1.1279333333333332, 0.33838, 50, 49.66162
1.1301333333333332, 0.33904, 50, 49.66096
1.1306666666666667, 0.3392, 50, 49.6608
1.1311333333333333, 0.33934, 50, 49.66066
1.1316, 0.33948, 50, 49.66052
1.1320666666666666, 0.33962, 50, 49.66038
1.1324666666666667, 0.33974, 50, 49.66026
1.1328666666666667, 0.33986, 50, 49.66014
1.1332666666666666, 0.33998, 50, 49.66002
1.1336666666666666, 0.3401, 50, 49.6599
1.1340666666666668, 0.34022, 50, 49.65978
1.1344666666666667, 0.34034, 50, 49.65966
1.1348666666666667, 0.34046, 50, 49.65954
1.1352666666666666, 0.34058, 50, 49.65942
1.1356666666666666, 0.3407, 50, 49.6593
1.1360666666666666, 0.34082, 50, 49.65918
1.1364666666666665, 0.34093999999999997, 50, 49.65906
1.137, 0.34109999999999996, 50, 49.6589
1.1374, 0.34121999999999997, 50, 49.65878
1.1378666666666666, 0.34136, 50, 49.65864
1.1382666666666668, 0.34148, 50, 49.65852
1.1386666666666667, 0.3416, 50, 49.6584
1.1390666666666667, 0.34172, 50, 49.65828
1.1394, 0.34182, 50, 49.65818
1.1398, 0.34194, 50, 49.65806
1.1401999999999999, 0.34206, 50, 49.65794
1.1406, 0.34218, 50, 49.65782
1.141, 0.3423, 50, 49.6577
1.1413333333333333, 0.34240000000000004, 50, 49.6576
1.1418, 0.34254, 50, 49.65746
1.1422, 0.34266, 50, 49.65734
1.1425333333333334, 0.34276, 50, 49.65724
1.1429333333333334, 0.34287999999999996, 50, 49.65712
1.1434, 0.34302, 50, 49.65698
1.1437333333333333, 0.34312, 50, 49.65688
1.1441333333333334, 0.34324, 50, 49.65676
1.1446, 0.34338, 50, 49.65662
1.1449333333333334, 0.34348, 50, 49.65652
1.1453333333333333, 0.3436, 50, 49.6564
1.1458, 0.34374, 50, 49.65626
1.1461333333333332, 0.34384, 50, 49.65616
1.1465333333333332, 0.34396, 50, 49.65604
1.1469333333333334, 0.34408, 50, 49.65592
1.1473333333333333, 0.3442, 50, 49.6558
1.1477333333333335, 0.34432, 50, 49.65568
1.1481333333333335, 0.34444, 50, 49.65556
1.1485333333333334, 0.34456, 50, 49.65544
1.1489333333333334, 0.34468, 50, 49.65532
1.1493333333333333, 0.3448, 50, 49.6552
1.1497333333333333, 0.34492, 50, 49.65508
1.1501333333333332, 0.34504, 50, 49.65496
1.1505333333333332, 0.34515999999999997, 50, 49.65484
1.1509333333333334, 0.34528000000000003, 50, 49.65472
1.1514, 0.34542, 50, 49.65458
1.1518000000000002, 0.34554, 50, 49.65446
1.1522000000000001, 0.34566, 50, 49.65434
1.1526, 0.34578, 50, 49.65422
1.153, 0.3459, 50, 49.6541
1.1533333333333333, 0.346, 50, 49.654
1.1538, 0.34614, 50, 49.65386
1.1542, 0.34626, 50, 49.65374
1.1545333333333334, 0.34636, 50, 49.65364
1.1549333333333334, 0.34648, 50, 49.65352
1.1553333333333333, 0.3466, 50, 49.6534
1.1557333333333333, 0.34672000000000003, 50, 49.65328
1.1562000000000001, 0.34686, 50, 49.65314
1.1566, 0.34698, 50, 49.65302
1.1569333333333334, 0.34708, 50, 49.65292
1.1574, 0.34722, 50, 49.65278
1.1577333333333333, 0.34732, 50, 49.65268
1.1582000000000001, 0.34746, 50, 49.65254
1.1586, 0.34758, 50, 49.65242
1.1589333333333334, 0.34768, 50, 49.65232
1.1594, 0.34782, 50, 49.65218
1.1598, 0.34794, 50, 49.65206
1.1602, 0.34806, 50, 49.65194
1.1605333333333332, 0.34815999999999997, 50, 49.65184
1.161, 0.3483, 50, 49.6517
1.1613333333333333, 0.34840000000000004, 50, 49.6516
1.1618, 0.34854, 50, 49.65146
1.1622000000000001, 0.34866, 50, 49.65134
1.1626, 0.34878, 50, 49.65122
1.1629333333333334, 0.34887999999999997, 50, 49.65112
1.1634, 0.34902, 50, 49.65098
1.1637333333333333, 0.34912, 50, 49.65088
1.1641333333333332, 0.34924, 50, 49.65076
1.1645333333333334, 0.34936, 50, 49.65064
1.1649333333333334, 0.34948, 50, 49.65052
1.1653333333333333, 0.3496, 50, 49.6504
1.1658, 0.34974, 50, 49.65026
1.1662, 0.34986, 50, 49.65014
1.1665333333333332, 0.34996, 50, 49.65004
1.1669333333333334, 0.35008, 50, 49.64992
1.1673333333333333, 0.35019999999999996, 50, 49.6498
1.1678, 0.35034, 50, 49.64966
1.1681333333333335, 0.35044000000000003, 50, 49.64956
1.1686, 0.35058, 50, 49.64942
1.169, 0.3507, 50, 49.6493
1.1693333333333333, 0.3508, 50, 49.6492
1.1697333333333333, 0.35092, 50, 49.64908
1.1701333333333332, 0.35104, 50, 49.64896
1.1705333333333332, 0.35115999999999997, 50, 49.64884
1.171, 0.3513, 50, 49.6487
1.1713333333333333, 0.35140000000000005, 50, 49.6486
1.1718000000000002, 0.35154, 50, 49.64846
1.1722000000000001, 0.35166000000000003, 50, 49.64834
1.1726, 0.35178, 50, 49.64822
1.173, 0.3519, 50, 49.6481
1.1734, 0.35202, 50, 49.64798
1.1737333333333333, 0.35212, 50, 49.64788
1.1742, 0.35226, 50, 49.64774
1.1745333333333334, 0.35236, 50, 49.64764
1.1749333333333334, 0.35248, 50, 49.64752
1.1753333333333333, 0.3526, 50, 49.6474
1.1757333333333333, 0.35272000000000003, 50, 49.64728
1.1762000000000001, 0.35286, 50, 49.64714
1.1766, 0.35298, 50, 49.64702
1.1769333333333334, 0.35308, 50, 49.64692
1.1773333333333333, 0.35319999999999996, 50, 49.6468
1.1778, 0.35334, 50, 49.64666
1.1782, 0.35346, 50, 49.64654
1.1785333333333334, 0.35356, 50, 49.64644
1.1789333333333334, 0.35368, 50, 49.64632
1.1793333333333333, 0.3538, 50, 49.6462
1.1797333333333333, 0.35392, 50, 49.64608
1.1801333333333333, 0.35404, 50, 49.64596
1.1805333333333332, 0.35416, 50, 49.64584
1.1809333333333334, 0.35428, 50, 49.64572
1.1813333333333333, 0.35440000000000005, 50, 49.6456
1.1818, 0.35453999999999997, 50, 49.64546
1.1822000000000001, 0.35466000000000003, 50, 49.64534
1.1826, 0.35478, 50, 49.64522
1.183, 0.3549, 50, 49.6451
1.1834, 0.35502, 50, 49.64498
1.1837333333333333, 0.35512, 50, 49.64488
1.1842, 0.35526, 50, 49.64474
1.1845333333333332, 0.35536, 50, 49.64464
1.1851333333333334, 0.35553999999999997, 50, 49.64446
1.1855333333333333, 0.35566, 50, 49.64434
1.1859333333333333, 0.35578, 50, 49.64422
1.1863333333333332, 0.3559, 50, 49.6441
1.1867333333333334, 0.35602, 50, 49.64398
1.1871333333333334, 0.35614, 50, 49.64386
1.1875333333333333, 0.35626, 50, 49.64374
1.1879333333333333, 0.35638000000000003, 50, 49.64362
1.1883333333333332, 0.3565, 50, 49.6435
1.1887333333333334, 0.35662, 50, 49.64338
1.1891333333333334, 0.35674, 50, 49.64326
1.1895333333333333, 0.35685999999999996, 50, 49.64314
1.19, 0.357, 50, 49.643
1.1903333333333335, 0.35710000000000003, 50, 49.6429
1.1908, 0.35724, 50, 49.64276
1.1912, 0.35736, 50, 49.64264
1.1916666666666667, 0.35750000000000004, 50, 49.6425
1.1921333333333335, 0.35764, 50, 49.64236
1.1926, 0.35778, 50, 49.64222
1.1930666666666667, 0.35792, 50, 49.64208
1.1934666666666667, 0.35804, 50, 49.64196
1.1939333333333333, 0.35818, 50, 49.64182
1.1944000000000001, 0.35832, 50, 49.64168
1.1948666666666667, 0.35846, 50, 49.64154
1.1953333333333334, 0.35860000000000003, 50, 49.6414
1.1958, 0.35874, 50, 49.64126
1.1962000000000002, 0.35886, 50, 49.64114
1.1966666666666668, 0.359, 50, 49.641
1.1971333333333334, 0.35914, 50, 49.64086
1.1976, 0.35928000000000004, 50, 49.64072
1.1980666666666666, 0.35942, 50, 49.64058
1.1985333333333335, 0.35956, 50, 49.64044
1.199, 0.3597, 50, 49.6403
1.1996, 0.35988, 50, 49.64012
1.2, 0.36, 50, 49.64
1.2004666666666666, 0.36014, 50, 49.63986
1.2009333333333334, 0.36028, 50, 49.63972
1.2014, 0.36041999999999996, 50, 49.63958
1.2018666666666666, 0.36056, 50, 49.63944
1.2023333333333333, 0.3607, 50, 49.6393
1.2027999999999999, 0.36084, 50, 49.63916
1.2032666666666667, 0.36097999999999997, 50, 49.63902
1.2037333333333333, 0.36112, 50, 49.63888
1.2042, 0.36126, 50, 49.63874
1.2046, 0.36138, 50, 49.63862
1.2050666666666667, 0.36152, 50, 49.63848
1.2055333333333333, 0.36166, 50, 49.63834
1.206, 0.3618, 50, 49.6382
1.2064, 0.36192, 50, 49.63808
1.2068666666666665, 0.36206, 50, 49.63794
1.2073333333333334, 0.36219999999999997, 50, 49.6378
1.2078, 0.36234, 50, 49.63766
1.2082, 0.36246, 50, 49.63754
1.2086666666666666, 0.3626, 50, 49.6374
1.2091333333333334, 0.36274, 50, 49.63726
1.2095333333333333, 0.36285999999999996, 50, 49.63714
1.2100666666666666, 0.36302, 50, 49.63698
1.2105333333333332, 0.36316, 50, 49.63684
1.211, 0.3633, 50, 49.6367
1.2114, 0.36341999999999997, 50, 49.63658
1.2118666666666666, 0.36356, 50, 49.63644
1.2123333333333333, 0.3637, 50, 49.6363
1.2128, 0.36384, 50, 49.63616
1.2132, 0.36396, 50, 49.63604
1.2136666666666667, 0.3641, 50, 49.6359
1.2141333333333333, 0.36424, 50, 49.63576
1.2146, 0.36438, 50, 49.63562
1.2149999999999999, 0.3645, 50, 49.6355
1.2154666666666667, 0.36463999999999996, 50, 49.63536
1.216, 0.3648, 50, 49.6352
1.2164, 0.36492, 50, 49.63508
1.2198, 0.36594000000000004, 50, 49.63406
1.2204, 0.36612, 50, 49.63388
1.2208666666666665, 0.36626, 50, 49.63374
1.2214, 0.36641999999999997, 50, 49.63358
1.2218666666666667, 0.36656, 50, 49.63344
1.2224, 0.36672, 50, 49.63328
1.2228666666666668, 0.36686, 50, 49.63314
1.2234, 0.36702, 50, 49.63298
1.2238666666666667, 0.36716000000000004, 50, 49.63284
1.2242666666666666, 0.36728, 50, 49.63272
1.2246666666666668, 0.3674, 50, 49.6326
1.2250666666666667, 0.36752, 50, 49.63248
1.2254666666666667, 0.36763999999999997, 50, 49.63236
1.2259333333333333, 0.36778, 50, 49.63222
1.2263333333333333, 0.3679, 50, 49.6321
1.2267333333333332, 0.36802, 50, 49.63198
1.2271333333333332, 0.36813999999999997, 50, 49.63186
1.2275333333333334, 0.36826000000000003, 50, 49.63174
1.228, 0.3684, 50, 49.6316
1.2283333333333333, 0.3685, 50, 49.6315
1.2287333333333335, 0.36862, 50, 49.63138
1.2291333333333334, 0.36874, 50, 49.63126
1.2295333333333334, 0.36885999999999997, 50, 49.63114
1.23, 0.369, 50, 49.631
1.2304, 0.36912, 50, 49.63088
1.2307333333333335, 0.36922, 50, 49.63078
1.2311333333333334, 0.36934, 50, 49.63066
1.2315333333333334, 0.36946, 50, 49.63054
1.2319333333333333, 0.36958, 50, 49.63042
1.2323333333333333, 0.36970000000000003, 50, 49.6303
1.2328000000000001, 0.36984, 50, 49.63016
1.2332, 0.36996, 50, 49.63004
1.2335333333333334, 0.37006, 50, 49.62994
1.2339333333333333, 0.37017999999999995, 50, 49.62982
1.2344, 0.37032, 50, 49.62968
1.2347333333333335, 0.37042, 50, 49.62958
1.2352, 0.37056, 50, 49.62944
1.2355333333333334, 0.37066, 50, 49.62934
1.2359333333333333, 0.37078, 50, 49.62922
1.2363333333333333, 0.3709, 50, 49.6291
1.2367333333333332, 0.37102, 50, 49.62898
1.2371333333333332, 0.37113999999999997, 50, 49.62886
1.2376, 0.37128, 50, 49.62872
1.2379333333333333, 0.37138000000000004, 50, 49.62862
1.2384, 0.37152, 50, 49.62848
1.2387333333333332, 0.37162, 50, 49.62838
1.2391333333333334, 0.37174, 50, 49.62826
1.2395333333333334, 0.37185999999999997, 50, 49.62814
1.24, 0.372, 50, 49.628
1.2403333333333333, 0.3721, 50, 49.6279
1.2407333333333332, 0.37222, 50, 49.62778
1.2411333333333334, 0.37234, 50, 49.62766
1.2415333333333334, 0.37246, 50, 49.62754
1.2419333333333333, 0.37258, 50, 49.62742
1.2423333333333333, 0.37270000000000003, 50, 49.6273
1.2428, 0.37284, 50, 49.62716
1.2431333333333332, 0.37294, 50, 49.62706
1.2436, 0.37307999999999997, 50, 49.62692
1.244, 0.3732, 50, 49.6268
1.2444, 0.37332, 50, 49.62668
1.2448, 0.37344, 50, 49.62656
1.2451333333333334, 0.37354, 50, 49.62646
1.2455333333333334, 0.37366, 50, 49.62634
1.2459333333333333, 0.37378, 50, 49.62622
1.2463333333333333, 0.3739, 50, 49.6261
1.2467333333333332, 0.37402, 50, 49.62598
1.2471333333333332, 0.37414, 50, 49.62586
1.2475333333333332, 0.37426, 50, 49.62574
1.2479333333333333, 0.37438000000000005, 50, 49.62562
1.2484000000000002, 0.37452, 50, 49.62548
1.2488000000000001, 0.37464000000000003, 50, 49.62536
1.2492, 0.37476, 50, 49.62524
1.2496, 0.37488, 50, 49.62512
1.25, 0.375, 50, 49.625
1.2504000000000002, 0.37512, 50, 49.62488
1.2508, 0.37524, 50, 49.62476
1.2512, 0.37536, 50, 49.62464
1.2515999999999998, 0.37548, 50, 49.62452
1.252, 0.37560000000000004, 50, 49.6244
1.2524, 0.37571999999999994, 50, 49.62428
1.2528000000000001, 0.37584, 50, 49.62416
1.2531999999999999, 0.37595999999999996, 50, 49.62404
1.2536, 0.37607999999999997, 50, 49.62392
1.2540666666666667, 0.37622, 50, 49.62378
1.2544666666666668, 0.37634, 50, 49.62366
1.2548666666666666, 0.37646, 50, 49.62354
1.2552666666666668, 0.37658, 50, 49.62342
1.2556666666666665, 0.3767, 50, 49.6233
1.2560666666666667, 0.37682000000000004, 50, 49.62318
1.2564666666666666, 0.37693999999999994, 50, 49.62306
1.2568666666666668, 0.37706, 50, 49.62294
1.2572666666666665, 0.37717999999999996, 50, 49.62282
1.2577333333333331, 0.37732, 50, 49.62268
1.2581333333333333, 0.37744, 50, 49.62256
1.2585333333333335, 0.37756, 50, 49.62244
1.2589333333333332, 0.37768, 50, 49.62232
1.2593333333333334, 0.3778, 50, 49.6222
1.2597333333333331, 0.37792, 50, 49.62208
1.2601333333333333, 0.37804000000000004, 50, 49.62196
1.2605333333333333, 0.37815999999999994, 50, 49.62184
1.2609333333333335, 0.37828, 50, 49.62172
1.2613333333333332, 0.37839999999999996, 50, 49.6216
1.2617999999999998, 0.37854, 50, 49.62146
1.2622, 0.37866, 50, 49.621340000000004
1.2626000000000002, 0.37878, 50, 49.62122
1.263, 0.3789, 50, 49.6211
1.2634, 0.37902, 50, 49.62098
1.2637999999999998, 0.37914, 50, 49.62086
1.2642, 0.37926000000000004, 50, 49.62074
1.2646, 0.37937999999999994, 50, 49.62062
1.2650000000000001, 0.3795, 50, 49.6205
1.2654, 0.37962000000000007, 50, 49.62038
1.2658, 0.37973999999999997, 50, 49.62026
1.2662, 0.37986000000000003, 50, 49.62014
1.2666, 0.37998, 50, 49.62002
1.2670000000000001, 0.3801, 50, 49.6199
1.2673999999999999, 0.38022, 50, 49.61978
1.2678, 0.38034, 50, 49.61966
1.2681333333333333, 0.38044, 50, 49.61956
1.2685333333333335, 0.38056, 50, 49.61944
1.2689333333333332, 0.38068, 50, 49.61932
1.2693333333333334, 0.3808, 50, 49.6192
1.2697333333333334, 0.38092, 50, 49.61908
1.2701333333333333, 0.38104000000000005, 50, 49.61896
1.2706, 0.38118, 50, 49.61882
1.2709333333333332, 0.38128, 50, 49.61872
1.2713333333333332, 0.38139999999999996, 50, 49.6186
1.2717999999999998, 0.38154, 50, 49.61846
1.2722, 0.38166, 50, 49.61834
1.2726000000000002, 0.38178, 50, 49.61822
1.273, 0.3819, 50, 49.6181
1.2733333333333332, 0.382, 50, 49.618
1.2737333333333334, 0.38212, 50, 49.61788
1.2741333333333333, 0.38223999999999997, 50, 49.61776
1.2746, 0.38237999999999994, 50, 49.61762
1.275, 0.3825, 50, 49.6175
1.2753333333333332, 0.3826, 50, 49.6174
1.2757333333333334, 0.38272000000000006, 50, 49.61728
1.2762000000000002, 0.38286000000000003, 50, 49.61714
1.2766, 0.38298, 50, 49.61702
1.2770000000000001, 0.3831, 50, 49.6169
1.2773999999999999, 0.38322, 50, 49.61678
1.2778, 0.38334, 50, 49.61666
1.2781333333333333, 0.38344, 50, 49.61656
1.2785333333333335, 0.38356, 50, 49.61644
1.2789333333333333, 0.38368, 50, 49.61632
1.2793333333333334, 0.38380000000000003, 50, 49.6162
1.2798, 0.38394000000000006, 50, 49.61606
1.2802, 0.38405999999999996, 50, 49.61594
1.2806000000000002, 0.38418, 50, 49.61582
1.281, 0.3843, 50, 49.6157
1.2814, 0.38442, 50, 49.61558
1.2817999999999998, 0.38454, 50, 49.61546
1.2822, 0.38466, 50, 49.61534
1.2825333333333333, 0.38476, 50, 49.61524
1.2829333333333335, 0.38488, 50, 49.61512
1.2833333333333332, 0.385, 50, 49.615
1.2837333333333334, 0.38512, 50, 49.61488
1.2841333333333331, 0.38523999999999997, 50, 49.61476
1.2846, 0.38537999999999994, 50, 49.61462
1.2850000000000001, 0.3855, 50, 49.6145
1.2853999999999999, 0.38561999999999996, 50, 49.61438
1.2858, 0.38573999999999997, 50, 49.61426
1.2862666666666667, 0.38588, 50, 49.61412
1.2866666666666668, 0.386, 50, 49.614
1.2870000000000001, 0.3861, 50, 49.6139
1.2873999999999999, 0.38622, 50, 49.61378
1.2878, 0.38634, 50, 49.61366
1.2881999999999998, 0.38645999999999997, 50, 49.61354
1.2886666666666666, 0.38659999999999994, 50, 49.6134
1.2890666666666668, 0.38672, 50, 49.61328
1.2894666666666665, 0.38683999999999996, 50, 49.61316
1.2898666666666667, 0.38695999999999997, 50, 49.61304
1.2903333333333333, 0.3871, 50, 49.6129
1.2907333333333335, 0.38722, 50, 49.61278
1.2911333333333332, 0.38734, 50, 49.61266
1.2915333333333334, 0.38746, 50, 49.61254
1.2918666666666667, 0.38756, 50, 49.61244
1.2922666666666665, 0.38767999999999997, 50, 49.61232
1.2927333333333333, 0.38781999999999994, 50, 49.61218
1.2931333333333335, 0.38794, 50, 49.61206
1.2935333333333332, 0.38805999999999996, 50, 49.61194
1.2939333333333334, 0.38817999999999997, 50, 49.61182
1.2944, 0.38832, 50, 49.61168
1.2947333333333333, 0.38842, 50, 49.611580000000004
1.2952, 0.38856, 50, 49.61144
1.2956, 0.38868, 50, 49.61132
1.2959333333333334, 0.38878, 50, 49.61122
1.2963333333333331, 0.38889999999999997, 50, 49.6111
1.2967333333333333, 0.38902000000000003, 50, 49.61098
1.2972000000000001, 0.38916, 50, 49.61084
1.2975999999999999, 0.38927999999999996, 50, 49.61072
1.298, 0.38939999999999997, 50, 49.6106
1.2984, 0.38952000000000003, 50, 49.61048
1.2988, 0.38964, 50, 49.61036
1.2992000000000001, 0.38976, 50, 49.61024
1.2995999999999999, 0.38988, 50, 49.61012
1.3, 0.39, 50, 49.61
1.3014666666666665, 0.39044, 50, 49.60956
1.3019333333333334, 0.39058, 50, 49.60942
1.3023333333333333, 0.39070000000000005, 50, 49.6093
1.3027333333333333, 0.39081999999999995, 50, 49.60918
1.3032, 0.39096, 50, 49.60904
1.3036, 0.39108, 50, 49.60892
1.3039999999999998, 0.3912, 50, 49.6088
1.3044, 0.39132, 50, 49.60868
1.3047333333333333, 0.39142, 50, 49.60858
1.3051333333333335, 0.39154, 50, 49.60846
1.3055333333333332, 0.39166, 50, 49.60834
1.3059333333333334, 0.39178, 50, 49.60822
1.3063333333333333, 0.39189999999999997, 50, 49.6081
1.3068, 0.39203999999999994, 50, 49.60796
1.3072, 0.39216, 50, 49.60784
1.3075999999999999, 0.39227999999999996, 50, 49.60772
1.308, 0.39239999999999997, 50, 49.6076
1.3084000000000002, 0.39252000000000004, 50, 49.60748
1.3088666666666668, 0.39266, 50, 49.60734
1.3092666666666666, 0.39278, 50, 49.60722
1.3096666666666668, 0.3929, 50, 49.6071
1.3100666666666667, 0.39302, 50, 49.60698
1.3104666666666667, 0.39314000000000004, 50, 49.60686
1.3108666666666666, 0.39325999999999994, 50, 49.60674
1.3113333333333332, 0.39339999999999997, 50, 49.6066
1.3117333333333334, 0.39352, 50, 49.60648
1.3121333333333332, 0.39364, 50, 49.60636
1.3125333333333333, 0.39376, 50, 49.60624
1.3129333333333335, 0.39388, 50, 49.60612
1.3133333333333332, 0.394, 50, 49.606
1.3137333333333334, 0.39412, 50, 49.60588
1.3141333333333334, 0.39424, 50, 49.60576
1.3145333333333333, 0.39436000000000004, 50, 49.60564
1.3149333333333333, 0.39447999999999994, 50, 49.60552
1.3153333333333332, 0.3946, 50, 49.6054
1.3157333333333332, 0.39471999999999996, 50, 49.60528
1.3161999999999998, 0.39486, 50, 49.60514
1.3166, 0.39498, 50, 49.60502
1.3170000000000002, 0.3951, 50, 49.6049
1.3174, 0.39522, 50, 49.60478
1.3177333333333332, 0.39532, 50, 49.60468
1.3181333333333334, 0.39544, 50, 49.60456
1.3185333333333333, 0.39555999999999997, 50, 49.60444
1.3189333333333333, 0.39568000000000003, 50, 49.60432
1.3194, 0.39582, 50, 49.60418
1.3197999999999999, 0.39593999999999996, 50, 49.60406
1.3202, 0.39605999999999997, 50, 49.60394
1.3206000000000002, 0.39618000000000003, 50, 49.60382
1.321, 0.3963, 50, 49.6037
1.3214000000000001, 0.39642, 50, 49.60358
1.3217999999999999, 0.39654, 50, 49.60346
1.3222, 0.39666, 50, 49.60334
1.3226, 0.39677999999999997, 50, 49.60322
1.323, 0.39690000000000003, 50, 49.6031
1.3234000000000001, 0.39702000000000004, 50, 49.60298
1.3239333333333334, 0.39718, 50, 49.60282
1.3244666666666665, 0.39733999999999997, 50, 49.60266
1.3250000000000002, 0.3975, 50, 49.6025
1.3254666666666668, 0.39764, 50, 49.60236
1.326, 0.3978, 50, 49.6022
1.3264666666666667, 0.39793999999999996, 50, 49.60206
1.3270000000000002, 0.3981, 50, 49.6019
1.3275333333333332, 0.39826, 50, 49.60174
1.328, 0.3984, 50, 49.6016
1.3284666666666667, 0.39854, 50, 49.60146
1.329, 0.39869999999999994, 50, 49.6013
1.3294666666666666, 0.39884, 50, 49.60116
1.33, 0.399, 50, 49.601
1.3304666666666667, 0.39914000000000005, 50, 49.60086
1.331, 0.3993, 50, 49.6007
1.3315333333333335, 0.39946000000000004, 50, 49.60054
1.3320666666666667, 0.39962, 50, 49.60038
1.3325999999999998, 0.39977999999999997, 50, 49.60022
1.3332, 0.39996, 50, 49.60004
1.3337333333333334, 0.40012000000000003, 50, 49.59988
1.3342666666666667, 0.40027999999999997, 50, 49.59972
1.3347333333333333, 0.40042, 50, 49.59958
1.3351333333333335, 0.40054, 50, 49.59946
1.3355333333333332, 0.40066, 50, 49.59934
1.3359333333333334, 0.40078, 50, 49.59922
1.3363333333333332, 0.4009, 50, 49.5991
1.3367333333333333, 0.40102000000000004, 50, 49.59898
1.3371333333333333, 0.40113999999999994, 50, 49.59886
1.3375333333333335, 0.40126, 50, 49.59874
1.3379333333333332, 0.40137999999999996, 50, 49.59862
1.3383999999999998, 0.40152, 50, 49.59848
1.3388, 0.40164, 50, 49.59836
1.3391333333333333, 0.40174, 50, 49.59826
1.3395333333333335, 0.40186, 50, 49.59814
1.34, 0.402, 50, 49.598
1.3403333333333334, 0.4021, 50, 49.5979
1.340733333333333, 0.40221999999999997, 50, 49.59778
1.3412, 0.40235999999999994, 50, 49.59764
1.3416000000000001, 0.40248, 50, 49.59752
1.342, 0.40260000000000007, 50, 49.5974
1.3424, 0.40271999999999997, 50, 49.59728
1.3432666666666668, 0.40298, 50, 49.59702
1.3436666666666666, 0.4031, 50, 49.5969
1.3440666666666667, 0.40322, 50, 49.59678
1.3444666666666665, 0.40334, 50, 49.59666
1.3448666666666667, 0.40346000000000004, 50, 49.59654
1.3452666666666666, 0.40357999999999994, 50, 49.59642
1.3457333333333332, 0.40371999999999997, 50, 49.59628
1.3461333333333334, 0.40384, 50, 49.59616
1.3465333333333334, 0.40396000000000004, 50, 49.59604
1.3469333333333333, 0.40408, 50, 49.59592
1.3473333333333335, 0.4042, 50, 49.5958
1.3478, 0.40434000000000003, 50, 49.59566
1.3481999999999998, 0.40446, 50, 49.59554
1.3486, 0.40458000000000005, 50, 49.59542
1.349, 0.40469999999999995, 50, 49.5953
1.3494000000000002, 0.40482, 50, 49.59518
1.3497999999999999, 0.40493999999999997, 50, 49.59506
1.3502, 0.40506, 50, 49.59494
1.3506, 0.40518000000000004, 50, 49.59482
1.351, 0.4053, 50, 49.5947
1.3514000000000002, 0.40542, 50, 49.59458
1.3518, 0.40554, 50, 49.59446
1.3522, 0.40566, 50, 49.59434
1.3525999999999998, 0.40578, 50, 49.59422
1.353, 0.40590000000000004, 50, 49.5941
1.3534, 0.40601999999999994, 50, 49.59398
1.3538000000000001, 0.40614, 50, 49.59386
1.3542, 0.40626000000000007, 50, 49.59374
1.3546, 0.40637999999999996, 50, 49.59362
1.355, 0.40650000000000003, 50, 49.5935
1.3554, 0.40662, 50, 49.59338
1.3558000000000001, 0.40674, 50, 49.59326
1.3561999999999999, 0.40686, 50, 49.59314
1.3566, 0.40698, 50, 49.59302
1.3569999999999998, 0.40709999999999996, 50, 49.5929
1.3574, 0.40722, 50, 49.59278
1.3578000000000001, 0.40734000000000004, 50, 49.59266
1.3582, 0.40746, 50, 49.59254
1.3586, 0.40758000000000005, 50, 49.59242
1.359, 0.40769999999999995, 50, 49.5923
1.3594, 0.40782, 50, 49.59218
1.3598, 0.40793999999999997, 50, 49.592060000000004
1.3602, 0.40806, 50, 49.59194
1.3605999999999998, 0.40818, 50, 49.59182
1.361, 0.4083, 50, 49.5917
1.3614000000000002, 0.40842, 50, 49.59158
1.3618, 0.40854, 50, 49.59146
1.3622, 0.40866, 50, 49.59134
1.3626, 0.40878, 50, 49.59122
1.3629333333333333, 0.40887999999999997, 50, 49.59112
1.3634, 0.40901999999999994, 50, 49.59098
1.3638, 0.40914, 50, 49.59086
1.3641333333333332, 0.40924, 50, 49.59076
1.3646, 0.40937999999999997, 50, 49.59062
1.3650000000000002, 0.40950000000000003, 50, 49.5905
1.3654, 0.40962, 50, 49.59038
1.3658000000000001, 0.40974, 50, 49.59026
1.3661999999999999, 0.40986, 50, 49.59014
1.3666, 0.40998, 50, 49.59002
1.367, 0.41009999999999996, 50, 49.5899
1.3674, 0.41022000000000003, 50, 49.58978
1.3678000000000001, 0.41034000000000004, 50, 49.58966
1.3681999999999999, 0.41046, 50, 49.58954
1.3686, 0.41058000000000006, 50, 49.58942
1.369, 0.41069999999999995, 50, 49.5893
1.3694000000000002, 0.41082, 50, 49.58918
1.3698666666666668, 0.41096, 50, 49.58904
1.3702666666666665, 0.41108, 50, 49.58892
1.3706666666666667, 0.4112, 50, 49.5888
1.3710666666666667, 0.41131999999999996, 50, 49.58868
1.3714666666666666, 0.41144000000000003, 50, 49.58856
1.3718666666666668, 0.41156000000000004, 50, 49.58844
1.3723333333333334, 0.41170000000000007, 50, 49.5883
1.3727333333333334, 0.41181999999999996, 50, 49.58818
1.3731333333333335, 0.41194000000000003, 50, 49.58806
1.3735333333333333, 0.41206, 50, 49.58794
1.3739333333333335, 0.41218, 50, 49.58782
1.3744, 0.41232, 50, 49.58768
1.3747333333333334, 0.41242, 50, 49.58758
1.3752, 0.41256000000000004, 50, 49.58744
1.3756, 0.41267999999999994, 50, 49.58732
1.376, 0.4128, 50, 49.5872
1.3764, 0.41292000000000006, 50, 49.58708
1.3768, 0.41303999999999996, 50, 49.58696
1.3772000000000002, 0.41316, 50, 49.58684
1.3776, 0.41328, 50, 49.58672
1.3780000000000001, 0.4134, 50, 49.5866
1.3783999999999998, 0.41352, 50, 49.58648
1.3788, 0.41364, 50, 49.58636
1.3791333333333333, 0.41374, 50, 49.58626
1.3795333333333335, 0.41386, 50, 49.58614
1.3799333333333332, 0.41398, 50, 49.58602
1.3803333333333334, 0.4141, 50, 49.5859
1.3807333333333331, 0.41422, 50, 49.58578
1.3811333333333333, 0.41434000000000004, 50, 49.58566
1.3815333333333333, 0.41445999999999994, 50, 49.58554
1.382, 0.41459999999999997, 50, 49.5854
1.3824, 0.41472, 50, 49.58528
1.3827999999999998, 0.41484, 50, 49.58516
1.3832, 0.41496, 50, 49.58504
1.3846666666666665, 0.4154, 50, 49.5846
1.385133333333333, 0.41553999999999996, 50, 49.58446
1.3855333333333333, 0.41566000000000003, 50, 49.58434
1.3859333333333335, 0.41578000000000004, 50, 49.58422
1.3864, 0.41592000000000007, 50, 49.58408
1.3868, 0.41603999999999997, 50, 49.58396
1.3872, 0.41616000000000003, 50, 49.58384
1.3876, 0.41628, 50, 49.58372
1.3880000000000001, 0.4164, 50, 49.5836
1.3883999999999999, 0.41652, 50, 49.58348
1.3888, 0.41664, 50, 49.58336
1.3891999999999998, 0.41675999999999996, 50, 49.58324
1.3896, 0.41688000000000003, 50, 49.58312
1.3900000000000001, 0.41700000000000004, 50, 49.583
1.3904666666666667, 0.41714000000000007, 50, 49.58286
1.3908666666666667, 0.41725999999999996, 50, 49.58274
1.3912666666666667, 0.41738000000000003, 50, 49.58262
1.3916666666666666, 0.4175, 50, 49.5825
1.3920666666666668, 0.41762, 50, 49.58238
1.3924666666666665, 0.41774, 50, 49.58226
1.3928666666666667, 0.41786, 50, 49.58214
1.3932666666666664, 0.41797999999999996, 50, 49.58202
1.3937333333333333, 0.41811999999999994, 50, 49.58188
1.3941333333333334, 0.41824, 50, 49.58176
1.3945333333333334, 0.41836000000000007, 50, 49.58164
1.3949333333333334, 0.41847999999999996, 50, 49.58152
1.3954, 0.41862, 50, 49.58138
1.3957333333333333, 0.41872, 50, 49.58128
1.3961333333333334, 0.41884, 50, 49.58116
1.3965333333333332, 0.41896, 50, 49.58104
1.3969333333333334, 0.41908, 50, 49.58092
1.397333333333333, 0.41919999999999996, 50, 49.5808
1.3978, 0.41933999999999994, 50, 49.58066
1.3982, 0.41946, 50, 49.58054
1.3986, 0.41958000000000006, 50, 49.58042
1.399, 0.41969999999999996, 50, 49.5803
1.3994, 0.41982, 50, 49.58018
1.3998, 0.41994, 50, 49.58006
1.4001333333333332, 0.42003999999999997, 50, 49.57996
1.4005999999999998, 0.42018, 50, 49.57982
1.401, 0.4203, 50, 49.5797
1.4013999999999998, 0.42041999999999996, 50, 49.57958
1.4018, 0.42054, 50, 49.57946
1.4022000000000001, 0.42066000000000003, 50, 49.57934
1.4026, 0.42078, 50, 49.57922
1.403, 0.42090000000000005, 50, 49.5791
1.4034, 0.42101999999999995, 50, 49.57898
1.4038, 0.42114, 50, 49.57886
1.4042, 0.42125999999999997, 50, 49.57874
1.4046, 0.42138, 50, 49.57862
1.4050000000000002, 0.42150000000000004, 50, 49.5785
1.4054, 0.42162, 50, 49.57838
1.4058000000000002, 0.42174, 50, 49.57826
1.4062, 0.42186, 50, 49.57814
1.4066, 0.42198, 50, 49.57802
1.4069333333333334, 0.42208, 50, 49.57792
1.4073333333333333, 0.42219999999999996, 50, 49.5778
1.4078, 0.42233999999999994, 50, 49.57766
1.4082, 0.42246, 50, 49.57754
1.4086, 0.42258000000000007, 50, 49.57742
1.409, 0.42269999999999996, 50, 49.5773
1.4094000000000002, 0.42282000000000003, 50, 49.57718
1.4098, 0.42294, 50, 49.57706
1.4102000000000001, 0.42306, 50, 49.57694
1.4105999999999999, 0.42318, 50, 49.57682
1.4110666666666667, 0.42332, 50, 49.57668
1.4114666666666666, 0.42344000000000004, 50, 49.57656
1.4118666666666666, 0.42355999999999994, 50, 49.57644
1.4122666666666666, 0.42368, 50, 49.57632
1.4126666666666667, 0.42380000000000007, 50, 49.5762
1.4131333333333336, 0.42394000000000004, 50, 49.57606
1.4135333333333333, 0.42406, 50, 49.57594
1.4139333333333335, 0.42418, 50, 49.57582
1.4143333333333332, 0.4243, 50, 49.5757
1.4147333333333334, 0.42442, 50, 49.57558
1.4151333333333334, 0.42454, 50, 49.57546
1.4155333333333333, 0.42466000000000004, 50, 49.57534
1.416, 0.4248, 50, 49.5752
1.4163333333333332, 0.4249, 50, 49.5751
1.4167333333333334, 0.42502000000000006, 50, 49.57498
1.4172000000000002, 0.42516000000000004, 50, 49.57484
1.4176, 0.42528, 50, 49.57472
1.4180000000000001, 0.4254, 50, 49.5746
1.4183999999999999, 0.42552, 50, 49.57448
1.4188, 0.42564, 50, 49.57436
1.4192, 0.42575999999999997, 50, 49.57424
1.4196, 0.42588000000000004, 50, 49.57412
1.42, 0.42599999999999993, 50, 49.574
1.4203999999999999, 0.42612, 50, 49.57388
1.4208, 0.42624000000000006, 50, 49.57376
1.4212, 0.42635999999999996, 50, 49.57364
1.4216666666666666, 0.4265, 50, 49.5735
1.4220666666666668, 0.42662, 50, 49.57338
1.4224666666666665, 0.42674, 50, 49.57326
1.4228666666666667, 0.42686, 50, 49.57314
1.4232666666666667, 0.42697999999999997, 50, 49.57302
1.4236666666666666, 0.42710000000000004, 50, 49.5729
1.4240666666666666, 0.42721999999999993, 50, 49.57278
1.4245333333333332, 0.42735999999999996, 50, 49.57264
1.4249333333333334, 0.42747999999999997, 50, 49.57252
1.4253333333333336, 0.42760000000000004, 50, 49.5724
1.4258000000000002, 0.42774, 50, 49.57226
1.4262, 0.42786, 50, 49.57214
1.4265333333333332, 0.42796, 50, 49.57204
1.427, 0.4281, 50, 49.5719
1.4273333333333333, 0.42819999999999997, 50, 49.5718
1.4278, 0.42833999999999994, 50, 49.57166
1.4282, 0.42846, 50, 49.57154
1.4285999999999999, 0.42857999999999996, 50, 49.57142
1.429, 0.42869999999999997, 50, 49.5713
1.4294000000000002, 0.42882000000000003, 50, 49.57118
1.4298, 0.42894, 50, 49.57106
1.4302000000000001, 0.42906, 50, 49.57094
1.4305999999999999, 0.42918, 50, 49.57082
1.431, 0.4293, 50, 49.5707
1.4314, 0.42941999999999997, 50, 49.57058
1.4318, 0.42954000000000003, 50, 49.57046
1.4322, 0.42965999999999993, 50, 49.57034
1.4325999999999999, 0.42978, 50, 49.57022
1.433, 0.42990000000000006, 50, 49.5701
1.4334, 0.43001999999999996, 50, 49.56998
1.4338000000000002, 0.43014, 50, 49.56986
1.4342, 0.43026, 50, 49.56974
1.4346, 0.43038, 50, 49.56962
1.4349999999999998, 0.4305, 50, 49.5695
1.4354, 0.43062, 50, 49.56938
1.4358000000000002, 0.43074, 50, 49.56926
1.4362, 0.43086, 50, 49.56914
1.4365333333333332, 0.43096, 50, 49.56904
1.4369333333333334, 0.43108, 50, 49.56892
1.4373333333333331, 0.43119999999999997, 50, 49.5688
1.4378, 0.43133999999999995, 50, 49.56866
1.4382000000000001, 0.43146, 50, 49.56854
1.4385999999999999, 0.43157999999999996, 50, 49.56842
1.4390666666666665, 0.43172, 50, 49.56828
1.4394666666666667, 0.43184, 50, 49.56816
1.4398666666666669, 0.43196, 50, 49.56804
1.4402000000000001, 0.43206, 50, 49.56794
1.4406666666666668, 0.43220000000000003, 50, 49.5678
1.4410666666666665, 0.43232, 50, 49.56768
1.4414666666666667, 0.43244000000000005, 50, 49.56756
1.4418666666666666, 0.43255999999999994, 50, 49.56744
1.4422666666666668, 0.43268, 50, 49.56732
1.4426666666666665, 0.43279999999999996, 50, 49.5672
1.4431333333333332, 0.43294, 50, 49.56706
1.4435333333333333, 0.43306, 50, 49.56694
1.4439333333333335, 0.43318, 50, 49.56682
1.4443333333333332, 0.4333, 50, 49.5667
1.4447333333333334, 0.43342, 50, 49.56658
1.4451333333333332, 0.43354, 50, 49.56646
1.4454666666666665, 0.43363999999999997, 50, 49.56636
1.4459333333333333, 0.43377999999999994, 50, 49.56622
1.4463333333333335, 0.4339, 50, 49.5661
1.4467333333333332, 0.43401999999999996, 50, 49.56598
1.4471333333333334, 0.43413999999999997, 50, 49.56586
1.4476, 0.43428, 50, 49.56572
1.4479333333333333, 0.43438, 50, 49.56562
1.4483333333333335, 0.4345, 50, 49.5655
1.4487333333333332, 0.43462, 50, 49.56538
1.4491333333333334, 0.43474, 50, 49.56526
1.4495333333333331, 0.43485999999999997, 50, 49.56514
1.45, 0.43499999999999994, 50, 49.565
1.4504000000000001, 0.43512, 50, 49.56488
1.4507999999999999, 0.43523999999999996, 50, 49.56476
1.4512, 0.43535999999999997, 50, 49.56464
1.4516666666666667, 0.4355, 50, 49.5645
1.4520666666666668, 0.43562, 50, 49.56438
1.4524000000000001, 0.43572, 50, 49.56428
1.4527999999999999, 0.43584, 50, 49.56416
1.4532, 0.43596, 50, 49.56404
1.4535999999999998, 0.43607999999999997, 50, 49.56392
1.454, 0.43620000000000003, 50, 49.5638
1.4544666666666668, 0.43634, 50, 49.56366
1.4548666666666665, 0.43645999999999996, 50, 49.56354
1.4552666666666667, 0.43657999999999997, 50, 49.56342
1.4556666666666667, 0.43670000000000003, 50, 49.5633
1.4561333333333335, 0.43684, 50, 49.56316
1.4565333333333332, 0.43696, 50, 49.56304
1.4569333333333334, 0.43708, 50, 49.56292
1.4573333333333331, 0.4372, 50, 49.5628
1.4577333333333333, 0.43732000000000004, 50, 49.56268
1.4581333333333333, 0.43743999999999994, 50, 49.56256
1.4586, 0.43757999999999997, 50, 49.56242
1.4590666666666665, 0.43772, 50, 49.56228
1.4595333333333333, 0.43785999999999997, 50, 49.56214
1.46, 0.43799999999999994, 50, 49.562
1.4604666666666666, 0.43814, 50, 49.56186
1.4609333333333332, 0.43828, 50, 49.56172
1.4613999999999998, 0.43842, 50, 49.56158
1.4618666666666666, 0.43855999999999995, 50, 49.56144
1.4634666666666667, 0.43904000000000004, 50, 49.56096
1.464, 0.43920000000000003, 50, 49.5608
1.4644666666666666, 0.43934, 50, 49.56066
1.4649333333333334, 0.43948, 50, 49.56052
1.4654, 0.43962, 50, 49.56038
1.4658666666666667, 0.43976000000000004, 50, 49.56024
1.4663333333333335, 0.4399, 50, 49.5601
1.4668, 0.44004, 50, 49.55996
1.4671999999999998, 0.44016, 50, 49.55984
1.4677333333333333, 0.44032000000000004, 50, 49.55968
1.4682, 0.44046, 50, 49.55954
1.4686, 0.44057999999999997, 50, 49.55942
1.4690666666666665, 0.44072, 50, 49.55928
1.4695333333333331, 0.44086, 50, 49.55914
1.47, 0.44099999999999995, 50, 49.559
1.4704000000000002, 0.44112, 50, 49.55888
1.4707999999999999, 0.44123999999999997, 50, 49.55876
1.4712666666666665, 0.44138, 50, 49.55862
1.4716666666666667, 0.4415, 50, 49.5585
1.4720666666666669, 0.44162, 50, 49.55838
1.4724666666666666, 0.44174, 50, 49.55826
1.4728666666666668, 0.44186000000000003, 50, 49.55814
1.4732666666666665, 0.44198, 50, 49.55802
1.4736666666666667, 0.44210000000000005, 50, 49.5579
1.4741333333333335, 0.44224, 50, 49.55776
1.4745333333333333, 0.44236, 50, 49.55764
1.4749333333333334, 0.44248, 50, 49.55752
1.4753333333333332, 0.4426, 50, 49.5574
1.4757333333333333, 0.44272, 50, 49.55728
1.4761333333333335, 0.44284, 50, 49.55716
1.4765333333333333, 0.44296, 50, 49.55704
1.4769333333333334, 0.44308000000000003, 50, 49.55692
1.4773333333333332, 0.4432, 50, 49.5568
1.4777333333333333, 0.44332000000000005, 50, 49.55668
1.4781333333333333, 0.44343999999999995, 50, 49.55656
1.4785333333333335, 0.44356, 50, 49.55644
1.479, 0.4437, 50, 49.5563
1.4793333333333334, 0.4438, 50, 49.5562
1.4797333333333333, 0.44392000000000004, 50, 49.55608
1.4801333333333333, 0.44404, 50, 49.55596
1.4806, 0.44418, 50, 49.55582
1.4809333333333332, 0.44428, 50, 49.55572
1.4813333333333334, 0.4444, 50, 49.5556
1.4817333333333331, 0.44451999999999997, 50, 49.55548
1.4822, 0.44465999999999994, 50, 49.55534
1.4826000000000001, 0.44478, 50, 49.55522
1.4829999999999999, 0.44489999999999996, 50, 49.5551
1.4834, 0.44501999999999997, 50, 49.55498
1.4838, 0.44514000000000004, 50, 49.55486
1.4842, 0.44526, 50, 49.55474
1.4846000000000001, 0.44538, 50, 49.55462
1.4849999999999999, 0.4455, 50, 49.5545
1.4854, 0.44562, 50, 49.55438
1.4857999999999998, 0.44573999999999997, 50, 49.55426
1.4862, 0.44586000000000003, 50, 49.55414
1.4866, 0.44597999999999993, 50, 49.55402
1.487, 0.4461, 50, 49.5539
1.4874, 0.44622000000000006, 50, 49.55378
1.4878, 0.44633999999999996, 50, 49.55366
1.4882, 0.44646, 50, 49.55354
1.4886, 0.44658, 50, 49.55342
1.489, 0.4467, 50, 49.5533
1.4893999999999998, 0.44682, 50, 49.55318
1.4898, 0.44694, 50, 49.55306
1.4901333333333333, 0.44704, 50, 49.55296
1.4905333333333335, 0.44716, 50, 49.55284
1.4909333333333332, 0.44728, 50, 49.55272
1.4913333333333334, 0.4474, 50, 49.5526
1.4917333333333334, 0.44752, 50, 49.55248
1.4921333333333333, 0.44764000000000004, 50, 49.55236
1.4926, 0.44778, 50, 49.55222
1.4929333333333332, 0.44788, 50, 49.55212
1.4934, 0.44802, 50, 49.55198
1.4937333333333334, 0.44811999999999996, 50, 49.55188
1.4942, 0.44826, 50, 49.55174
1.4946000000000002, 0.44838, 50, 49.55162
1.4949999999999999, 0.4485, 50, 49.5515
1.4954, 0.44862, 50, 49.55138
1.4957333333333334, 0.44872, 50, 49.55128
1.4962, 0.44886000000000004, 50, 49.55114
1.4966, 0.44897999999999993, 50, 49.55102
1.4969999999999999, 0.4491, 50, 49.5509
1.4974, 0.44922000000000006, 50, 49.55078
1.4978, 0.44933999999999996, 50, 49.55066
1.4982000000000002, 0.44946, 50, 49.55054
1.4986, 0.44958, 50, 49.55042
1.499, 0.4497, 50, 49.5503
1.4993999999999998, 0.44982, 50, 49.55018
1.4998, 0.44994, 50, 49.55006
1.5002, 0.45005999999999996, 50, 49.54994
1.5006, 0.45018, 50, 49.54982
1.5010000000000001, 0.45030000000000003, 50, 49.5497
1.5013999999999998, 0.45042, 50, 49.54958
1.5018, 0.45054000000000005, 50, 49.54946
1.5022, 0.45065999999999995, 50, 49.54934
1.5026666666666666, 0.4508, 50, 49.5492
1.5030666666666668, 0.45092, 50, 49.549080000000004
1.5034666666666665, 0.45104, 50, 49.54896
1.5038666666666667, 0.45116, 50, 49.54884
1.5042666666666666, 0.45127999999999996, 50, 49.54872
1.5046666666666666, 0.4514, 50, 49.5486
1.5051333333333332, 0.45154, 50, 49.54846
1.5055333333333334, 0.45166000000000006, 50, 49.54834
1.5059333333333333, 0.45177999999999996, 50, 49.54822
1.5063333333333335, 0.4519, 50, 49.5481
1.5067333333333333, 0.45202, 50, 49.54798
1.5071333333333334, 0.45214, 50, 49.54786
1.5075333333333332, 0.45226, 50, 49.54774
1.5079333333333333, 0.45238, 50, 49.54762
1.5083333333333335, 0.4525, 50, 49.5475
1.5087333333333333, 0.45262, 50, 49.54738
1.5091333333333334, 0.45274000000000003, 50, 49.54726
1.5095333333333332, 0.45286, 50, 49.54714
1.51, 0.45299999999999996, 50, 49.547
1.5104000000000002, 0.45312, 50, 49.54688
1.5108, 0.45324, 50, 49.54676
1.5111333333333332, 0.45333999999999997, 50, 49.54666
1.5115999999999998, 0.45348, 50, 49.54652
1.512, 0.4536, 50, 49.5464
1.5124000000000002, 0.45372, 50, 49.54628
1.5128, 0.45384, 50, 49.54616
1.5131333333333332, 0.45394, 50, 49.54606
1.5135333333333334, 0.45406, 50, 49.54594
1.5139333333333331, 0.45418, 50, 49.54582
1.5143333333333333, 0.45430000000000004, 50, 49.5457
1.5148000000000001, 0.45444, 50, 49.54556
1.5151999999999999, 0.45455999999999996, 50, 49.54544
1.5156, 0.45468, 50, 49.54532
1.516, 0.45480000000000004, 50, 49.5452
1.5164, 0.45492, 50, 49.54508
1.5168000000000001, 0.45504, 50, 49.54496
1.5171999999999999, 0.45516, 50, 49.54484
1.5176, 0.45528, 50, 49.54472
1.5179999999999998, 0.45539999999999997, 50, 49.5446
1.5184, 0.45552000000000004, 50, 49.54448
1.5188, 0.45563999999999993, 50, 49.54436
1.5192, 0.45576, 50, 49.54424
1.5196, 0.45588000000000006, 50, 49.54412
1.52, 0.45599999999999996, 50, 49.544
1.5204, 0.45612, 50, 49.54388
1.5208, 0.45624, 50, 49.54376
1.5211333333333332, 0.45633999999999997, 50, 49.54366
1.5215333333333334, 0.45646, 50, 49.54354
1.522, 0.4566, 50, 49.5434
1.5223333333333333, 0.4567, 50, 49.5433
1.5227333333333335, 0.45682, 50, 49.54318
1.5231333333333332, 0.45694, 50, 49.54306
1.5235333333333334, 0.45706, 50, 49.54294
1.5239333333333334, 0.45718, 50, 49.54282
1.5243333333333333, 0.45730000000000004, 50, 49.542699999999996
1.5248, 0.45744, 50, 49.54256
1.5252, 0.45755999999999997, 50, 49.54244
1.5256, 0.45768, 50, 49.54232
1.5260666666666667, 0.45782, 50, 49.54218
1.5265333333333333, 0.45796000000000003, 50, 49.54204
1.5270000000000001, 0.4581, 50, 49.5419
1.5274666666666668, 0.45824, 50, 49.54176
1.5279333333333334, 0.45838, 50, 49.54162
1.5284, 0.45852000000000004, 50, 49.54148
1.5288666666666666, 0.45866, 50, 49.54134
1.5293333333333334, 0.4588, 50, 49.5412
1.5298, 0.45894, 50, 49.54106
1.5301999999999998, 0.45905999999999997, 50, 49.54094
1.5306666666666666, 0.45919999999999994, 50, 49.5408
1.5312000000000001, 0.45936, 50, 49.54064
1.5316666666666667, 0.4595, 50, 49.5405
1.5321333333333333, 0.45964000000000005, 50, 49.54036
1.5326, 0.45978, 50, 49.54022
1.533, 0.4599, 50, 49.5401
1.5334666666666665, 0.46004, 50, 49.53996
1.5339333333333331, 0.46018, 50, 49.53982
1.5344, 0.46031999999999995, 50, 49.53968
